<?xml version="1.0" standalone="no"?>
<!DOCTYPE svg PUBLIC "-//W3C//DTD SVG 20010904//EN"
 "http://www.w3.org/TR/2001/REC-SVG-20010904/DTD/svg10.dtd">
<svg version="1.0" xmlns="http://www.w3.org/2000/svg"
 width="900.000000pt" height="619.000000pt" viewBox="0 0 900.000000 619.000000"
 preserveAspectRatio="xMidYMid meet">

<g transform="translate(0.000000,619.000000) scale(0.100000,-0.100000)"
fill="#000000" stroke="none">
<path d="M5008 5769 c-7 -3 -48 -9 -92 -13 -113 -9 -291 -71 -445 -156 -70
-38 -145 -83 -166 -100 -52 -41 -82 -47 -119 -25 -212 127 -412 183 -688 192
-338 12 -638 -57 -974 -222 -704 -346 -1278 -1051 -1469 -1805 -58 -229 -70
-334 -70 -635 1 -487 54 -869 175 -1235 179 -546 479 -920 905 -1130 282 -139
542 -194 905 -193 226 0 356 19 542 79 248 79 450 199 675 401 l69 62 51 -77
c137 -207 346 -369 578 -449 96 -33 280 -63 383 -63 190 1 329 56 452 179 120
121 199 286 249 516 12 55 25 113 29 128 7 27 15 19 162 -165 211 -263 393
-447 545 -554 65 -45 234 -84 368 -84 222 0 412 67 591 210 115 91 180 188
212 316 16 63 17 85 7 185 -10 94 -19 131 -52 211 -57 141 -123 267 -211 403
-42 66 -96 154 -119 195 -56 99 -159 247 -246 351 -39 46 -97 118 -130 159
-33 41 -106 127 -163 190 -57 63 -108 124 -113 135 -5 11 -20 34 -32 50 -12
17 -39 54 -59 82 -62 83 -53 116 54 189 61 42 183 136 258 200 36 30 101 83
145 116 44 34 132 112 195 173 63 61 145 135 182 164 37 30 87 79 111 110 72
93 215 314 243 375 38 82 57 222 58 421 l1 170 -31 65 c-17 36 -44 81 -61 100
-16 19 -43 64 -60 100 -35 71 -127 186 -192 238 -50 40 -211 92 -285 92 -28 0
-103 -8 -166 -19 -155 -25 -223 -58 -317 -153 -39 -40 -110 -107 -156 -148
-47 -41 -90 -86 -97 -100 -6 -14 -64 -74 -128 -135 -64 -60 -191 -185 -283
-277 l-167 -166 -6 61 c-3 34 -9 123 -12 197 -3 74 -10 139 -15 145 -5 5 -9
36 -9 68 0 51 -11 87 -71 236 -43 107 -83 191 -103 216 -18 22 -42 58 -54 80
-21 42 -142 157 -183 175 -13 5 -31 14 -39 20 -26 17 -292 117 -355 134 -66
17 -187 26 -207 15z m96 -195 c3 -9 6 -31 6 -50 0 -47 37 -181 65 -230 12 -23
48 -73 79 -111 67 -84 117 -189 162 -343 30 -106 34 -132 43 -330 10 -239 12
-246 99 -415 53 -102 100 -154 167 -184 58 -26 69 -26 123 -1 58 26 267 224
291 275 26 56 134 186 222 269 41 39 119 120 173 180 205 229 447 482 484 505
20 13 48 32 62 41 40 26 151 68 199 75 39 5 43 4 36 -12 -18 -44 -26 -201 -15
-296 12 -107 28 -163 60 -208 38 -53 99 -195 101 -235 3 -37 -12 -90 -102
-370 -21 -67 -48 -179 -59 -250 -12 -71 -23 -139 -25 -150 -5 -22 -107 -99
-302 -228 -211 -139 -376 -303 -435 -434 l-31 -67 6 -135 c7 -141 26 -268 53
-334 15 -40 49 -176 78 -315 21 -100 87 -230 152 -301 30 -31 101 -99 159
-150 86 -76 111 -104 137 -157 30 -62 31 -67 39 -256 8 -201 23 -312 65 -460
l25 -90 -22 -23 c-47 -50 -17 -124 50 -124 26 -1 41 -7 54 -25 20 -28 18 -30
-64 -50 -135 -31 -342 -12 -459 43 -69 33 -204 145 -305 254 -122 131 -411
494 -478 600 -20 34 -72 111 -115 172 -43 61 -99 150 -125 197 -25 47 -66 113
-90 145 -24 32 -65 100 -92 149 -26 50 -63 111 -81 137 -18 25 -42 64 -53 86
-32 62 -95 77 -143 34 -36 -31 -13 -173 46 -290 56 -112 70 -172 69 -302 -1
-142 -25 -239 -112 -464 -105 -267 -106 -272 -106 -431 1 -131 3 -146 34 -238
18 -55 30 -101 28 -104 -9 -9 -190 17 -267 38 -107 29 -242 98 -336 172 -88
70 -195 196 -244 288 l-31 59 65 90 c315 439 490 984 528 1647 18 330 -7 839
-62 1214 -77 528 -236 911 -472 1139 -43 41 -78 83 -78 92 0 10 23 30 58 49
31 18 84 52 117 75 80 55 123 76 230 112 121 40 116 40 231 41 84 1 103 -2
108 -15z m294 -63 c49 -16 107 -34 130 -40 55 -15 96 -52 110 -98 6 -21 30
-60 53 -88 45 -55 60 -83 115 -225 29 -73 41 -126 55 -230 30 -236 34 -359 14
-463 -26 -143 -34 -166 -69 -204 -42 -46 -64 -40 -121 38 -41 55 -44 63 -49
141 -25 366 -30 421 -52 510 -27 115 -95 293 -129 340 -73 100 -122 178 -137
213 -38 92 -44 135 -18 135 4 0 48 -13 98 -29z m-1753 -25 c198 -30 383 -102
417 -161 64 -113 62 -283 -7 -665 -60 -325 -69 -484 -36 -605 12 -44 60 -159
105 -255 89 -185 118 -264 137 -370 16 -91 16 -255 0 -320 -21 -89 -94 -225
-201 -375 -234 -326 -259 -396 -265 -725 -5 -315 -39 -507 -120 -677 -68 -143
-114 -183 -445 -379 -201 -119 -308 -210 -344 -291 -18 -42 -20 -43 -65 -43
-65 0 -235 26 -344 51 -668 156 -1099 692 -1257 1562 -72 397 -88 880 -40
1165 116 680 531 1312 1130 1724 259 178 597 318 860 357 41 6 86 13 100 15
64 9 294 4 375 -8z m3988 -360 c32 -36 70 -92 84 -123 14 -32 41 -74 58 -94
52 -58 75 -134 75 -242 0 -92 -19 -230 -37 -277 -6 -14 -13 -46 -17 -71 -5
-34 -23 -70 -65 -130 -32 -46 -72 -109 -89 -139 -33 -59 -136 -179 -146 -169
-10 9 70 362 92 405 30 58 45 160 40 273 l-4 98 -66 88 c-80 106 -98 161 -98
297 0 91 13 150 42 185 13 17 56 -16 131 -101z m-3212 -125 c190 -290 306
-707 361 -1301 7 -81 12 -300 13 -550 0 -446 -7 -538 -60 -803 -132 -651 -451
-1181 -885 -1471 -165 -111 -343 -187 -525 -225 -107 -23 -255 -41 -255 -32 1
27 111 109 271 201 361 209 454 305 538 556 62 184 91 402 91 680 0 225 24
285 226 574 126 179 189 295 226 411 20 65 23 93 22 224 -2 227 -31 337 -169
625 -46 96 -89 200 -96 230 -17 81 -6 228 36 450 48 258 64 384 65 505 l1 100
45 -49 c24 -27 67 -83 95 -125z m2430 -2478 c68 -69 342 -407 362 -446 7 -12
39 -58 72 -102 32 -44 85 -125 116 -181 31 -55 79 -134 107 -176 52 -77 144
-262 187 -376 18 -47 25 -87 27 -160 3 -94 2 -99 -32 -165 -19 -38 -51 -85
-70 -105 -33 -35 -131 -109 -154 -118 -15 -5 -35 44 -91 218 -65 206 -85 326
-85 518 l0 156 -44 90 c-54 109 -113 179 -225 265 -77 59 -93 78 -148 170 -51
86 -64 116 -73 174 -14 90 -45 212 -70 276 -11 27 -20 59 -20 70 0 19 3 18 38
-9 20 -17 67 -61 103 -99z m-1117 -871 c132 -191 126 -171 100 -353 -38 -278
-116 -480 -228 -594 -34 -34 -81 -72 -105 -85 -43 -21 -45 -21 -58 -4 -7 10
-13 26 -13 36 0 9 -6 32 -14 50 -81 187 -75 281 35 555 98 245 126 355 136
520 l6 103 47 -81 c27 -44 69 -110 94 -147z"/>
<path d="M4799 5231 c-23 -19 -23 -21 -9 -48 9 -16 29 -32 48 -38 40 -12 40
-20 0 -41 -141 -72 -181 -161 -113 -250 48 -62 272 -146 430 -161 52 -5 62 -3
79 16 17 19 18 22 2 45 -9 14 -32 30 -53 35 -21 6 -91 24 -156 41 -119 30
-192 63 -203 90 -10 27 95 101 198 139 34 13 62 54 53 80 -8 27 -55 54 -149
85 -94 31 -97 31 -127 7z"/>
<path d="M6965 4295 c-47 -46 -19 -118 45 -118 60 0 83 78 37 121 -30 28 -52
28 -82 -3z"/>
<path d="M5083 4150 c-50 -21 -60 -105 -17 -139 57 -45 134 -11 134 59 0 21
-8 47 -17 59 -21 24 -68 35 -100 21z"/>
<path d="M5913 3810 c-50 -21 -60 -105 -17 -139 57 -45 134 -11 134 59 0 21
-8 47 -17 59 -21 24 -68 35 -100 21z"/>
<path d="M5473 3110 c-50 -21 -60 -105 -17 -139 57 -45 134 -11 134 59 0 21
-8 47 -17 59 -21 24 -68 35 -100 21z"/>
<path d="M5869 2430 c-65 -8 -75 -13 -82 -39 -10 -41 5 -46 142 -46 82 0 134
-4 141 -11 19 -19 0 -62 -57 -125 -66 -74 -69 -107 -13 -126 78 -27 160 -10
160 32 0 19 -39 45 -56 38 -21 -8 -17 6 12 44 62 81 69 140 21 188 -49 49
-130 63 -268 45z"/>
<path d="M5011 1974 c-56 -71 11 -164 93 -130 44 18 63 64 46 106 -15 37 -37
50 -84 50 -25 0 -40 -7 -55 -26z"/>
<path d="M6677 1622 c-26 -29 -22 -77 9 -101 15 -12 37 -21 50 -21 25 0 64 43
64 70 0 10 -9 29 -21 44 -25 32 -77 36 -102 8z"/>
<path d="M4903 882 c-30 -5 -63 -48 -63 -84 0 -41 40 -78 85 -78 72 0 109 77
65 132 -20 26 -48 36 -87 30z"/>
<path d="M2473 5014 c-21 -21 -24 -32 -19 -62 7 -47 37 -72 86 -72 30 0 43 6
59 26 45 58 11 134 -60 134 -30 0 -47 -7 -66 -26z"/>
<path d="M3595 4865 c-54 -54 -13 -145 65 -145 30 0 80 53 80 85 0 16 -12 38
-29 56 -38 37 -82 39 -116 4z"/>
<path d="M2895 4684 c-282 -63 -525 -274 -707 -614 -89 -166 -203 -456 -262
-668 -167 -594 -108 -1169 148 -1441 162 -171 365 -212 596 -120 435 174 884
840 1060 1574 69 284 61 522 -25 762 -84 236 -257 421 -457 490 -95 32 -250
40 -353 17z m305 -183 c57 -22 160 -86 160 -100 0 -4 -33 -30 -72 -56 -165
-109 -377 -314 -492 -475 -281 -391 -384 -747 -332 -1141 26 -189 86 -383 175
-564 l57 -117 -23 -15 c-99 -65 -266 -82 -361 -38 -118 55 -218 204 -267 397
-104 414 -10 965 260 1523 169 351 368 541 630 601 77 18 197 11 265 -15z
m315 -313 c89 -189 111 -434 60 -683 -76 -370 -277 -815 -503 -1109 -67 -88
-223 -247 -235 -239 -16 10 -104 202 -137 300 -95 285 -104 572 -24 823 110
350 391 715 719 933 38 26 73 47 78 47 4 0 23 -33 42 -72z"/>
<path d="M1713 4170 c-50 -21 -60 -105 -17 -139 57 -45 134 -11 134 59 0 21
-8 47 -17 59 -21 24 -68 35 -100 21z"/>
<path d="M3820 3240 c-60 -60 -10 -154 75 -141 59 9 84 84 44 135 -26 33 -88
37 -119 6z"/>
<path d="M1463 2508 c-29 -32 -34 -53 -22 -88 30 -85 159 -60 159 31 0 71 -91
108 -137 57z"/>
<path d="M3460 1980 c-44 -44 -29 -118 30 -139 82 -28 147 73 85 134 -31 31
-86 34 -115 5z"/>
<path d="M1976 1948 c-21 -30 -20 -50 5 -82 l20 -26 -44 0 c-62 0 -145 -17
-187 -39 -89 -46 -105 -146 -39 -257 42 -72 218 -254 245 -254 34 0 64 29 64
61 0 25 -16 47 -88 119 -52 52 -101 111 -118 144 -28 53 -28 56 -11 73 15 15
42 19 168 23 134 4 152 7 165 24 32 44 4 121 -73 204 -38 39 -84 44 -107 10z"/>
<path d="M2355 1255 c-44 -43 -21 -124 40 -139 55 -14 114 46 100 101 -16 63
-94 85 -140 38z"/>
</g>
</svg>
